1
300
3
4
5
6
6
8
9
46
11
152
13
14
15
16
85
18
16
20
21
16
20
18
25
26
33
28
29
30
31
32
33
34
35
36
37
38
39
40
41
42
0
44
46
46
47
48
49
46
51
46
33
54
55
56
57
46
59
60
44
62
63
64
67
35
67
68
69
70
71
47
73
27
75
76
75
11
58
57
81
31
83
24
85
86
0
31
89
39
91
94
20
94
0
96
97
0
99
100
101
102
103
34
2
33
107
108
118
110
55
110
110
114
115
118
108
118
119
120
121
67
117
118
55
126
127
133
129
130
131
129
133
134
11
134
137
138
26
140
141
142
73
144
145
146
147
141
76
674
20
152
153
154
155
156
157
158
69
158
161
162
163
164
165
166
167
63
167
672
171
11
173
174
175
176
177
178
179
180
162
182
154
184
185
186
33
188
188
18
191
192
193
194
191
196
259
198
199
200
201
202
75
76
205
206
200
208
109
199
211
212
201
257
266
205
217
218
211
220
46
222
204
224
225
226
5
228
229
230
196
232
196
234
235
236
198
205
239
0
68
242
75
244
245
246
247
44
25
202
219
252
62
254
255
234
257
258
259
260
47
262
263
0
0
47
267
268
230
196
155
191
273
275
275
276
152
279
279
276
137
282
283
284
285
286
67
288
289
290
291
283
519
294
283
178
297
298
299
300
267
267
303
304
305
306
307
267
267
310
311
219
220
314
257
316
317
62
225
14
145
178
305
324
31
326
327
328
49
330
331
332
284
46
49
249
38
34
339
340
341
342
340
344
355
346
302
213
314
75
211
352
353
178
355
356
357
358
359
360
339
362
0
196
263
336
166
368
283
856
371
162
164
34
196
376
196
236
239
60
381
382
383
384
385
386
0
384
383
390
391
392
390
394
395
390
0
398
399
400
400
402
386
404
405
406
407
408
409
410
411
412
413
108
415
412
413
418
419
420
412
419
423
424
424
0
413
416
429
429
431
432
363
360
435
435
437
438
429
440
441
440
443
444
445
446
447
448
0
450
451
452
453
227
455
456
457
302
459
510
461
467
461
527
465
384
467
468
469
470
471
473
473
10
475
62
477
478
480
473
26
10
483
496
485
486
487
488
489
151
491
492
493
494
949
496
497
498
493
500
501
502
456
503
502
506
507
496
509
510
511
505
513
486
515
516
562
470
519
520
86
469
523
523
525
463
527
492
529
530
531
538
508
534
527
536
537
538
539
540
541
542
541
544
545
546
547
548
549
550
467
539
549
0
507
556
557
556
559
560
561
562
563
478
89
566
18
568
18
543
0
539
573
502
545
574
577
491
502
554
508
492
532
200
585
585
108
533
589
590
533
416
422
594
595
596
597
596
158
600
594
543
603
502
539
606
471
200
422
424
23
612
613
614
615
616
176
618
619
620
85
622
612
624
625
626
627
85
629
613
776
507
633
634
635
636
637
638
639
640
641
642
643
644
622
646
646
48
153
641
651
652
653
654
655
656
657
658
659
660
661
482
663
664
663
666
306
668
675
670
26
672
313
674
675
294
677
678
679
680
681
682
683
469
685
686
687
688
689
176
691
692
693
694
695
147
697
698
699
698
701
147
703
704
709
0
707
708
709
549
986
463
713
714
502
716
717
718
482
720
721
722
723
724
725
726
51
728
729
730
731
732
733
155
735
736
737
738
32
740
275
742
20
744
745
746
747
748
747
750
31
752
62
754
755
756
757
758
759
760
761
24
763
721
765
766
767
24
769
709
771
620
773
709
775
776
777
778
779
780
781
0
783
46
785
478
787
555
789
790
791
792
651
2
46
791
797
798
799
153
801
802
724
804
805
806
792
808
0
0
811
812
813
46
198
75
817
727
75
820
797
805
823
824
825
826
801
89
88
823
831
832
651
75
826
836
156
838
384
840
841
842
843
844
845
846
847
857
849
850
851
852
857
854
855
856
857
858
859
860
0
862
202
864
165
25
867
674
869
611
0
556
566
20
875
876
877
878
879
880
881
882
470
884
884
698
887
520
67
890
891
892
893
894
871
896
897
895
20
900
901
902
903
904
905
906
725
726
909
910
911
912
856
914
915
882
917
918
919
920
921
46
46
924
925
926
927
928
962
930
931
754
933
371
780
936
937
938
0
0
941
943
763
757
945
960
470
948
949
950
951
952
201
954
955
178
957
958
959
960
154
962
963
964
965
966
959
931
969
970
541
29
973
616
975
32
305
978
305
980
668
982
668
984
985
986
752
467
491
471
991
992
767
994
995
48
0
998
999
1000
1001
63
675
498
1005
1006
536
1008
1009
507
1011
1012
1007
1014
0
536
493
711
1017
32
230
0
1023
1024
